4294967279,297
4294967278,292
4294967279,296
4294967278,291
4294967279,295
4294967278,290
4294967278,260
4294967278,0
4294967294,127
4294967294,20
4294967294,185
4294967294,190
4294967294,13
4294967294,922
4294967294,461
4294967294,917
4294967294,466
4294967294,465
4294967294,910
4294967294,460
4294967294,459
4294967294,458
4294967294,468
4294967294,962
4294967294,960
4294967294,926
4294967294,903
4294967294,18
4294967294,901
4294967294,900
4294967294,899
4294967294,898
4294967294,1025
4294967294,949
4294967294,948
4294967294,946
4294967294,945
4294967294,940
4294967294,929
4294967294,60
4294967294,61
4294967294,967
4294967294,925
4294967294,186
4294967278,289
4294967279,294
4,6
4294967279,293
4294967294,469
4294967294,912
4294967294,441
4294967279,292
4294967294,1359
4294967294,1358
4294967294,430
4294967294,470
4294967278,288
4294967279,291
4294967278,287
4294967279,279
5,6
4294967279,135
4294967279,290
5,5
4294967279,283
4294967279,260
5,4
5,3
5,2
5,1
4,4
4,3
4,2
4,1
4294967294,1357
4294967294,2
4294967294,0
4294967294,419
4294967294,187
4294967279,269
3,4
3,3
3,2
3,1
4294967279,287
4294967294,927
4294967294,107
4294967294,6
4294967294,94
4294967294,93
4294967294,96
4294967294,95
2,4
4294967279,265
2,3
2,2
2,1
4294967279,282
4294967279,0
4294967294,8
0,7
4294967294,393
4294967294,53
4294967294,29
4294967294,28
4294967294,85
4294967279,264
4294967294,971
4294967294,69
4294967294,14
4294967294,462
4294967294,464
4243767290,0
0,5
4294967279,263
4294967294,7
4294967294,50
4294967294,456
4294967294,954
4294967294,467
4294967294,463
4294967294,955
4294967294,958
4294967294,421
4294967294,426
4294967294,46
4294967294,5
4294967294,36
4294967294,39
4294967294,113
4294967294,167
4294967294,189
4294967294,175
4294967294,183
4294967294,176
4294967294,964
4294967294,924
4294967294,923
4294967294,920
4294967294,919
4294967294,916
4294967294,966
4294967294,965
4294967294,915
4294967294,914
4294967294,909
4294967294,907
4294967294,913
4294967294,961
4243767290,3
4243767290,2
4294967294,398
4294967294,906
4294967294,81
4294967294,963
4294967294,92
4294967294,88
4294967294,184
4294967294,384
4294967294,457
4294967294,455
4294967294,417
4294967294,451
4294967294,453
4294967294,535
4294967278,132
4294967278,131
4294967278,130
4294967278,129
4294967278,128
4294967278,127
4294967278,126
4294967278,125
4294967278,124
4294967278,123
4294967278,122
4294967278,121
4294967278,120
4294967278,119
4294967278,118
4294967278,117
4294967278,116
4294967278,115
4294967278,114
4294967278,113
4294967278,112
4294967278,111
4294967278,110
4294967278,109
4294967278,108
4294967278,107
4294967278,106
4294967278,105
4294967278,104
4294967278,103
4294967278,102
4294967278,101
4294967278,100
4294967278,99
4294967278,98
4294967278,97
4294967278,96
4294967278,95
4294967278,94
4294967278,93
4294967278,92
4294967278,91
4294967278,90
4294967278,89
4294967278,87
4294967278,86
4294967278,85
4294967278,84
4294967278,83
4294967278,82
4294967278,81
4294967278,80
4294967278,79
4294967278,78
4294967278,77
4294967278,76
4294967278,75
4294967278,74
4294967278,73
4294967278,72
4294967278,71
4294967278,70
4294967278,69
4294967278,68
4294967278,67
4294967278,66
4294967278,65
4294967278,64
4294967278,63
4294967278,62
4294967278,61
4294967278,60
4294967278,59
4294967278,58
4294967278,57
4294967278,56
4294967278,55
4294967278,54
4294967278,53
4294967278,52
4294967278,51
4294967278,50
4294967278,49
4294967278,48
4294967278,47
4294967278,46
4294967278,45
4294967278,44
4294967278,43
4294967278,42
4294967278,41
4294967278,40
4294967278,39
4294967278,38
4294967278,37
4294967279,22
4294967279,19
4294967279,17
4294967279,16
4294967279,12
4294967279,10
4294967279,9
4294967279,8
4294967279,7
4294967279,261
4294967279,6
4294967279,5
4294967279,281
4294967279,4
4294967294,424
4294967294,427
4294967294,126
4294967294,27
4294967294,68
4294967294,11
4294967294,104
4294967294,166
4294967294,160
4294967294,116
4294967294,162
4294967294,22
4294967294,17
4294967294,67
4294967294,41
4294967294,120
4294967294,394
4294967294,24
4294967294,1
4294967294,25
4294967294,403
4294967294,26
4294967294,83
4294967294,12
4294967294,472
4294967294,1356
4294967294,1355
4294967278,286
4294967279,275
4294967278,285
4294967293,131
4294967293,130
4294967293,129
4294967293,128
4294967293,127
4294967293,126
4294967293,125
4294967293,124
